Object_Id  Timestamp Type Lat Lng 

0 0 newpoint 21.312259 40.199655
1 0 newpoint 21.487911 39.942414
2 0 newpoint 21.419505 39.776704
3 0 newpoint 21.38417 39.803452
4 0 newpoint 21.43612 39.849295
4 1 point 21.4403595983862 39.8418275931486
3 1 point 21.3789727331597 39.8056639490157
2 1 point 21.4210366571652 39.779991619317
1 1 point 21.4853334274793 39.9407404243414
0 1 point 21.3206799026435 40.1971949732163
5 1 newpoint 21.428337 39.796294
6 1 newpoint 21.439372 39.785317
7 1 newpoint 21.357306 39.870763
8 1 newpoint 21.439195 39.768378
9 1 newpoint 21.482823 39.937083
9 2 point 21.4868018706074 39.9435879655213
8 2 point 21.4404755854835 39.7773434124564
7 2 point 21.3599209760818 39.8767614991224
6 2 point 21.4351346199877 39.7900656064863
5 2 point 21.4350861198561 39.7970978693054
4 2 point 21.4384858296641 39.833260926672
3 2 point 21.3707236900743 39.803171784605
2 2 point 21.4250294630445 39.7880516866873
1 2 point 21.4836419121622 39.9372879010145
0 2 point 21.3284106236725 40.1946608104022
10 2 newpoint 21.433812 39.795342
11 2 newpoint 21.41058 39.804655
12 2 newpoint 21.502389 39.964221
13 2 newpoint 21.396934 39.792571
14 2 newpoint 21.428022 39.829844
14 3 point 21.4288257492212 39.8294548858863
13 3 point 21.4020505785526 39.7934293254813
12 3 point 21.4976098289711 39.9577002414092
11 3 point 21.4053785036074 39.8091667986776
10 3 point 21.4387006081562 39.790016046581
9 3 point 21.4898491216297 39.9517912755126
8 3 point 21.4399328561289 39.7863742173805
7 3 point 21.363416753628 39.884975794173
6 3 point 21.4262041688595 39.7894374155703
5 3 point 21.4392908230085 39.7891532691397
4 3 point 21.4366180648952 39.8261023962272
3 3 point 21.3644762707533 39.7967867348207
2 3 point 21.4275362040494 39.794795591087
1 3 point 21.4826798487014 39.9335849743823
0 3 point 21.3356759862938 40.1925733616003
15 3 newpoint 21.439446 39.797373
16 3 newpoint 21.36486 39.976084
17 3 newpoint 21.413736 39.774867
18 3 newpoint 21.388512 39.960928
19 3 newpoint 21.338995 39.988534
19 4 point 21.3431041398481 39.9816161569215
18 4 point 21.3807064661941 39.9655885556188
17 4 point 21.4113364673626 39.7800280647513
16 4 point 21.3715550622683 39.9725282652852
15 4 point 21.4326232195693 39.8011998986682
14 4 point 21.4296107336676 39.829231536205
13 4 point 21.4075866486278 39.7978123609694
12 4 point 21.4911253258536 39.9515437956912
11 4 point 21.396374132905 39.8097104518451
10 4 point 21.4401217880315 39.7983702632471
9 4 disappearpoint 21.490654 39.953351
8 4 point 21.4368438617863 39.7947901340997
7 4 point 21.3706930989116 39.8904573854721
6 4 point 21.4231579827842 39.7836900987794
5 4 point 21.4404850408482 39.78016250548
4 4 point 21.4392936086363 39.8174369422393
3 4 point 21.3573009639805 39.7911971407493
2 4 point 21.4325098745189 39.800466605133
1 4 point 21.4821206495282 39.9297812344234
0 4 point 21.3423910792505 40.1952007959013
20 4 newpoint 21.45412 39.845012
21 4 newpoint 21.371604 39.833235
22 4 newpoint 21.349945 39.784592
23 4 newpoint 21.47183 39.946587
24 4 newpoint 21.399759 39.785618
24 5 point 21.4026551770185 39.7925697220282
23 5 point 21.4741786460635 39.9403939740798
22 5 point 21.3510912081989 39.7855143251058
21 5 point 21.3782068825621 39.8309806354361
20 5 point 21.4504957793088 39.8391899200347
18 5 point 21.3730937210818 39.9705783242202
17 5 point 21.4106780573361 39.7865289133575
16 5 point 21.3788085790695 39.9671726668837
15 5 point 21.4320748608872 39.809588601664
14 5 point 21.4299067972477 39.8284081697856
13 5 point 21.4144331309901 39.8034989382751
12 5 point 21.4868054073012 39.9436008420754
11 5 point 21.38974600856 39.8144692194088
10 5 point 21.4413432323488 39.8073185867491
19 5 point 21.343010238476 39.9730685423806
8 5 point 21.4330733726599 39.8023684204586
7 5 point 21.3782248124268 39.895564389507
6 5 point 21.4147683995447 39.7816449436287
5 5 point 21.4394206444 39.7713005073848
4 5 point 21.4434160578265 39.8102642190731
3 5 point 21.352068016114 39.7838420974228
2 5 point 21.4320299321087 39.808803852592
1 5 point 21.481561450355 39.9259774944644
0 5 point 21.349656132235 40.1993437187576
25 5 newpoint 21.451614 39.845665
26 5 newpoint 21.429053 39.823703
27 5 newpoint 21.422055 39.831179
28 5 newpoint 21.413951 39.786451
29 5 newpoint 21.341443 39.964114
29 6 point 21.3454054627473 39.9575244031097
28 6 point 21.4105750782847 39.7818287829298
27 6 point 21.4207467090871 39.8269724291715
26 6 point 21.4307921120329 39.8167009332407
25 6 point 21.4500411240573 39.8390401814639
24 6 point 21.4092762382679 39.7987955898054
23 6 point 21.4816510189612 39.9357660622854
22 6 point 21.3501469522262 39.7866713820047
21 6 point 21.3857164694725 39.8265764399146
20 6 point 21.4422124947196 39.8356056305467
18 6 point 21.3654839196255 39.972736856635
17 6 point 21.4087654338578 39.7944800564664
16 6 point 21.3865401831495 39.9623508295367
15 6 point 21.4300915615948 39.8171622559061
14 6 point 21.4303471067607 39.8278605196962
13 6 point 21.4222389690958 39.8067549073361
12 6 point 21.4829855364368 39.9353763842261
11 6 point 21.3859113279574 39.8223221583798
10 6 point 21.4396613109484 39.8158092112085
19 6 point 21.347756814676 39.9652907211738
8 6 point 21.4323566775355 39.8108225794762
7 6 point 21.3859649862988 39.9003565604864
6 6 point 21.4119532758271 39.7787009404807
5 6 point 21.4411812606184 39.7635496868585
4 6 point 21.4514035080412 39.808582784085
3 6 point 21.3474954534024 39.7760307419173
2 6 point 21.4354762730703 39.8171935913881
1 6 point 21.4808588460022 39.9221989937338
0 6 point 21.3541920586292 40.1927363723561
30 6 newpoint 21.387783 39.940613
31 6 newpoint 21.360241 39.874377
32 6 newpoint 21.472219 39.785174
33 6 newpoint 21.435785 39.796422
34 6 newpoint 21.457758 40.003699
34 7 point 21.4615005137189 40.0028201223327
33 7 point 21.4374819966216 39.7900803698506
32 7 point 21.4700918221514 39.7784342403358
31 7 point 21.3692090697751 39.8737388129421
30 7 point 21.3815479817436 39.9438106318764
29 7 point 21.350334107365 39.9522743107365
28 7 disappearpoint 21.408326 39.781649
27 7 disappearpoint 21.420487 39.826889
26 7 point 21.4376076039089 39.8114715479034
25 7 point 21.4461644272295 39.8352333851151
24 7 point 21.4112973474386 39.8076539412537
23 7 point 21.4815258206731 39.9269421987243
22 7 point 21.3504616623118 39.7884723983534
21 7 point 21.3943862562314 39.8255873329705
20 7 point 21.4350920489133 39.8300777365062
18 7 point 21.368193180307 39.9647343629889
17 7 point 21.4102795119027 39.8034039975956
16 7 point 21.3919632681722 39.9554305652172
15 7 point 21.4279316922141 39.8243141977373
14 7 point 21.430587540081 39.8270563147312
13 7 point 21.43134204097 39.8065973976564
12 7 point 21.4816190081145 39.9263690092594
11 7 point 21.3818286263521 39.8300174340515
10 7 point 21.4370786008596 39.8245007906347
19 7 point 21.3525265291798 39.9575424090464
8 7 point 21.4290532068581 39.8178833332749
7 7 point 21.3865710843403 39.9040359255821
6 7 disappearpoint 21.410942 39.776793
5 7 point 21.4500308039438 39.7621841099705
4 7 point 21.4601846965478 39.8073295446325
3 7 point 21.3460199916436 39.7670619190072
2 7 point 21.4367948166786 39.8250108647294
1 7 point 21.4795250831501 39.918598796195
0 7 point 21.3583187704172 40.1848202478773
35 7 newpoint 21.423531 39.821288
36 7 newpoint 21.489324 39.930671
37 7 newpoint 21.493265 39.991586
38 7 newpoint 21.567057 39.910726
39 7 newpoint 21.422476 39.802412
39 8 point 21.4247484782418 39.7936409527722
38 8 point 21.5673565137768 39.9194254619302
37 8 point 21.4913637329125 39.9827289086879
36 8 point 21.4884426633845 39.9337120799283
35 8 point 21.414774964225 39.8226298930639
31 8 point 21.3772653445511 39.8766085080355
30 8 point 21.3895592658009 39.9396589565468
29 8 point 21.3562436392765 39.9562374875714
34 8 point 21.4652541425968 40.0019886281443
33 8 point 21.4284796400927 39.7894214874387
26 8 point 21.4455089512591 39.8089559038906
25 8 point 21.4416178249096 39.8297481262774
24 8 point 21.4114623651753 39.8167630273287
23 8 point 21.4791773837754 39.9181876091321
22 8 point 21.3506133278334 39.7901614748477
21 8 point 21.4011392618914 39.8203339034812
20 8 point 21.426990518144 39.8278370343691
18 8 point 21.3708464297732 39.9560490669285
17 8 point 21.411072595885 39.8124351862119
16 8 point 21.3914544797956 39.9463623387876
15 8 point 21.4246518210581 39.8309205301024
14 8 point 21.4313398990995 39.8266058801024
13 8 point 21.4361417821559 39.8106555825726
12 8 point 21.4793743508144 39.917649051485
11 8 point 21.3744512674778 39.8353654081641
10 8 point 21.4377296410507 39.832233466794
19 8 point 21.359193279398 39.9519530696141
8 8 point 21.4279854866533 39.8255462473862
7 8 point 21.3905720871756 39.9107285410657
32 8 point 21.465033129077 39.7712189149156
5 8 point 21.4570550885771 39.7622902259966
4 8 point 21.4668591789839 39.8018151615208
3 8 point 21.3438632193226 39.7582847651401
2 8 point 21.437334176063 39.8318243711215
1 8 point 21.4779413061674 39.9150955492948
0 8 point 21.3607705165206 40.1760442891033
40 8 newpoint 21.426761 39.856599
41 8 newpoint 21.461014 39.842362
42 8 newpoint 21.449325 39.867223
43 8 newpoint 21.456336 39.845015
44 8 newpoint 21.488428 39.941056
44 9 point 21.4829367105368 39.9358157020582
43 9 point 21.4529769996971 39.8391398572964
42 9 point 21.4516999103649 39.8743607053181
41 9 point 21.4537693671305 39.8391034533185
40 9 point 21.4318457701715 39.8494239540053
39 9 point 21.424076764943 39.7846953817641
38 9 point 21.5684506688157 39.9284063959327
37 9 point 21.4888547953035 39.9739703118265
36 9 point 21.4833845691702 39.9366756668557
35 9 point 21.4068021107584 39.8183918337105
31 9 point 21.3844048270021 39.8759639739009
30 9 point 21.390309116376 39.9307301864713
29 9 point 21.3602304153672 39.9499164591795
34 9 point 21.4690011638762 40.001127843083
33 9 point 21.4237643055094 39.7952114953427
26 9 point 21.4542479549834 39.8081292468326
25 9 point 21.4449527286346 39.8228989995848
24 9 point 21.4118380633865 39.8258487803392
23 9 point 21.4751872745956 39.9100029095121
22 9 point 21.3503344808497 39.7920598537846
21 9 point 21.4068640916415 39.8184123967037
20 9 point 21.4226491001092 39.8221243344173
18 9 point 21.3698066191072 39.9482137685177
17 9 point 21.411279256399 39.8215423281392
16 9 point 21.3904848155437 39.9373042742921
15 9 point 21.4223468932208 39.839213724048
14 9 point 21.4315143147316 39.8256700916732
13 9 point 21.4450793188621 39.8088822249368
12 9 point 21.4746384763561 39.9099646548564
11 9 point 21.3671040314402 39.8407548984117
10 9 disappearpoint 21.435394 39.834436
19 9 point 21.3621190688249 39.9433536102473
8 9 point 21.4240507210285 39.8320259968266
7 9 point 21.395022596154 39.9163633715717
32 9 point 21.4583238777826 39.7651816295711
5 9 point 21.4626209121252 39.7690294232083
4 9 point 21.4738654422964 39.7968316264345
3 9 point 21.3434812934871 39.7492163100072
2 9 point 21.4402617665859 39.8395940073775
1 9 point 21.4762535331563 39.9116605911182
0 9 point 21.363186958974 40.1672586197253
45 9 newpoint 21.441349 39.813742
46 9 newpoint 21.432005 39.831747
47 9 newpoint 21.407293 39.881517
48 9 newpoint 21.544595 39.789472
49 9 newpoint 21.440362 39.800289
49 10 point 21.4415642406283 39.8093030698583
48 10 point 21.550894020096 39.7876291328385
47 10 point 21.4032978650461 39.8871425954645
46 10 point 21.4333169518714 39.8379516809881
45 10 point 21.4384345661461 39.8212520696128
43 10 point 21.4445286924864 39.8363470853044
42 10 point 21.4563061666652 39.8788898966645
41 10 point 21.4452531896033 39.8366699909774
40 10 point 21.4328674954257 39.8579133643072
39 10 point 21.4258598300779 39.7769201994451
38 10 point 21.5686089186817 39.9374841934051
37 10 point 21.4904667811534 39.9672036160698
36 10 point 21.482023863321 39.929122883014
35 10 point 21.3995573132534 39.813068993934
31 10 point 21.3880796618421 39.8834363250908
30 10 point 21.391078264433 39.9217307596207
29 10 disappearpoint 21.362189 39.944392
34 10 point 21.4727493535167 40.0002721474986
33 10 disappearpoint 21.423064 39.796434
26 10 point 21.4627409568634 39.806153980485
25 10 point 21.4445755642626 39.814339896859
24 10 point 21.4160581694889 39.8336170478716
23 10 point 21.4688606932995 39.9035312234922
22 10 point 21.3508108717191 39.7938243803866
21 10 point 21.4148356234401 39.8226540783112
20 10 point 21.4162836324726 39.8229521618732
18 10 point 21.3680217271721 39.9571368355142
17 10 point 21.4125885296561 39.8304124996772
16 10 point 21.3909993010988 39.9283098018358
15 10 point 21.4215798475952 39.8482861780161
14 10 point 21.4315748292308 39.8247187188021
13 10 point 21.4541127806706 39.8083158372359
12 10 point 21.468354584467 39.9033660757119
11 10 point 21.3597412470318 39.8461228588434
44 10 point 21.4815121605681 39.9268189790021
19 10 point 21.3614218550637 39.9342781042307
8 10 point 21.4222139480512 39.8404745414493
7 10 point 21.3905941791457 39.9236692730223
32 10 point 21.4533366854021 39.7607146705514
5 10 point 21.4675675030744 39.7763755739836
4 10 point 21.4827980123436 39.7950324537821
3 10 point 21.3426062554786 39.7401517064972
2 10 point 21.4392447310549 39.8486010462412
1 10 point 21.4736021714515 39.9088764534597
0 10 point 21.365646165065 40.1584849340266
50 10 newpoint 21.332068 39.953195
51 10 newpoint 21.212509 39.960204
52 10 newpoint 21.395307 39.816182
53 10 newpoint 21.398198 39.788811
54 10 newpoint 21.455589 39.838823
54 11 point 21.4492717026634 39.8387329619503
53 11 point 21.4037246550201 39.784158005241
52 11 point 21.3899832858876 39.8147029374174
51 11 point 21.2180468517197 39.9544145666172
50 11 point 21.3348403642986 39.9456311195175
47 11 point 21.4065244447674 39.8793367361366
46 11 point 21.4403378660055 39.8406150354589
45 11 point 21.4353028327199 39.8297446179111
43 11 point 21.437069050045 39.8315670729577
42 11 point 21.4599567626678 39.8871437858024
41 11 point 21.4378122969549 39.8325002495586
40 11 point 21.4347843966948 39.86108891844
39 11 point 21.433065700608 39.7714359540339
38 11 point 21.5633230543891 39.944426553562
37 11 point 21.4993047478594 39.965675863095
36 11 point 21.480680896388 39.9215582935049
35 11 point 21.3916062341583 39.8091606156027
31 11 point 21.3968814109878 39.8841451635731
30 11 point 21.3968370831868 39.9153621656499
49 11 point 21.4392131754161 39.8178159590646
34 11 point 21.4765008909541 39.9994313449183
48 11 point 21.5530069175115 39.7801465443423
26 11 point 21.4682472214177 39.799057504674
25 11 point 21.4485518782382 39.8087361742591
24 11 point 21.4242962407159 39.8358150841758
23 11 point 21.4622851641501 39.8972538289815
22 11 point 21.3508385928567 39.7955394478504
21 11 point 21.4235548346453 39.821201530512
20 11 point 21.4082679172428 39.8188948643012
18 11 point 21.3653136607222 39.965438968002
17 11 point 21.4193913281786 39.8362698096944
16 11 point 21.3922052152508 39.9193596514675
15 11 point 21.4167380444357 39.8552277411556
14 11 point 21.4318094550185 39.8237882788343
13 11 point 21.4626272636177 39.8064244943757
12 11 point 21.4621075602594 39.8967539619364
11 11 point 21.3562861616709 39.853408938533
44 11 point 21.4778010135661 39.9211159839346
19 11 point 21.3664229928633 39.9276323794605
8 11 point 21.4215473444567 39.8495533004271
7 11 point 21.3890968731593 39.9273529469953
32 11 point 21.4446938464516 39.7634961764742
5 11 point 21.4738600533621 39.7828559023827
4 11 point 21.4917958026675 39.7936300908987
3 11 point 21.3429694608363 39.7310516051767
2 11 point 21.4400221260548 39.8570697011898
1 11 point 21.4709508097468 39.9060923158013
0 11 point 21.3660186229048 40.1494612250141
55 11 newpoint 21.402965 39.886566
56 11 newpoint 21.430375 39.844244
57 11 newpoint 21.435307 39.899915
58 11 newpoint 21.416987 39.771688
59 11 newpoint 21.448874 39.587161
59 12 point 21.4511471379492 39.5958636921059
58 12 point 21.4211295514099 39.7766180745153
57 12 point 21.4289723063315 39.8956714220765
56 12 point 21.4372782424738 39.8471292342
55 12 point 21.4069689226177 39.8787780986162
54 12 point 21.440793501593 39.8391115877005
53 12 point 21.4111907627805 39.7823748136008
52 12 point 21.3862365691015 39.8225646976624
51 12 point 21.2248733397221 39.9493152403434
50 12 point 21.341197996608 39.9512763510544
47 12 point 21.4022560375639 39.8729848854794
46 12 point 21.4390267006116 39.8496023016164
45 12 point 21.4399933611517 39.836646096691
43 12 point 21.436907053661 39.8246592371889
42 12 point 21.4615302834303 39.8960394039106
41 12 point 21.4298564785242 39.8293640573421
40 12 point 21.4410253007155 39.8613586947853
39 12 point 21.4395877664103 39.7654176374517
38 12 point 21.5544389288617 39.945854703734
37 12 point 21.5076554647452 39.9620320367052
36 12 point 21.4776654858887 39.9144899773982
35 12 point 21.3827641523413 39.8069656458478
31 12 point 21.4048459528328 39.8885695855416
30 12 point 21.4042090656453 39.9101999482177
49 12 point 21.4364677116735 39.8264588699019
34 12 point 21.4802883891213 39.9987967803555
48 12 point 21.5495176250264 39.7769817853932
26 12 point 21.4766699112374 39.796106800288
25 12 point 21.4574587188798 39.8071884736633
24 12 point 21.4296430455173 39.8365514951279
23 12 point 21.460192239882 39.8885557804734
22 12 point 21.3489367786832 39.7952594692795
21 12 point 21.4312297633847 39.8164407654903
20 12 point 21.4005812808912 39.8142328281487
18 12 point 21.3615243263646 39.9672271054482
17 12 point 21.428025927757 39.8344380662729
16 12 point 21.399561138296 39.9145898236094
15 12 point 21.4090308831538 39.8600823425943
14 12 point 21.4322091653864 39.8229141776052
13 12 point 21.4682340462432 39.7994765920479
12 12 point 21.4602547410587 39.887963004773
11 12 point 21.3574695442951 39.8623423847354
44 12 point 21.4700501490303 39.9184157314026
19 12 point 21.3741236712407 39.9227612887599
8 12 point 21.4156930255223 39.8559437185518
7 12 point 21.3909539680429 39.9185739960301
32 12 point 21.4392723252224 39.767830995649
5 12 point 21.4799979487374 39.7870180867332
4 12 point 21.5008667770009 39.7927699069107
3 12 point 21.3433817224505 39.7219493543919
2 12 point 21.4474607801913 39.8622983361609
1 12 point 21.468299448042 39.9033081781429
0 12 point 21.3630438610977 40.1408661764936
60 12 newpoint 21.414441 39.822374
61 12 newpoint 21.671366 39.737665
62 12 newpoint 21.395404 39.876463
63 12 newpoint 21.364022 39.974341
64 12 newpoint 21.356412 39.790775
64 13 point 21.3508200984373 39.788976066427
63 13 point 21.364251254514 39.9694333232189
62 13 point 21.397924328719 39.8827100632807
61 13 point 21.6723729137001 39.7286867075732
60 13 point 21.4064558793811 39.818139495057
59 13 point 21.4528744216452 39.6047857447463
58 13 point 21.4212195619595 39.7795492122709
57 13 point 21.4241877376052 39.8897045091681
56 13 point 21.43838750343 39.8543773260222
55 13 point 21.4134881994597 39.8803060762499
54 13 point 21.4376041843047 39.84697115947
53 13 point 21.4186438449467 39.7804848234872
52 13 point 21.3842210366673 39.8314107424187
51 13 point 21.2320913081937 39.94396823096
50 13 point 21.3477966604218 39.9510753941467
47 13 point 21.3949513735113 39.8679011680443
46 13 point 21.4408849346674 39.8576213297039
45 13 point 21.4399856305508 39.8455186443846
43 13 point 21.4336235527302 39.8180386196557
42 13 point 21.4677622688792 39.9026124776468
41 13 point 21.4223200660513 39.833190336778
40 13 point 21.4462894694078 39.8684607928152
39 13 point 21.4470465417714 39.7632335340891
38 13 point 21.5456208923546 39.9481503363914
37 13 point 21.5160063308288 39.9583865317589
36 13 point 21.4731432736998 39.9083945748426
35 13 point 21.3740834358009 39.8046304490778
31 13 point 21.4126436710143 39.8932836455315
30 13 point 21.4107283359089 39.9038354595187
49 13 point 21.429984002831 39.8284048766565
34 13 point 21.4841266929737 39.9986465028621
48 13 point 21.5407128992471 39.7792952241258
26 13 point 21.4856085424299 39.7943387872109
25 13 point 21.4653769322973 39.8042355840287
24 13 point 21.4305233529016 39.8456150439444
23 13 point 21.4571466010954 39.8800492271238
22 13 point 21.3470387721812 39.7949989386641
21 13 point 21.437750080142 39.8111195020218
20 13 point 21.3931272234174 39.8094618424016
18 13 point 21.3573294806294 39.9752553110891
17 13 point 21.4297645160551 39.8421066761823
16 13 point 21.4068818039517 39.9132949871051
15 13 point 21.4008968799092 39.8641483661412
14 13 point 21.4327341703299 39.8221102984999
13 13 point 21.476535845451 39.796288962698
12 13 point 21.4569611800642 39.8795536689009
11 13 point 21.3589915936716 39.8712467692646
44 13 point 21.4609536671421 39.9179472192247
19 13 point 21.3815173767705 39.9175327922915
8 13 point 21.4079358655879 39.8607213038355
7 13 point 21.3980735792071 39.9133324027225
32 13 point 21.4404419974853 39.7767920082482
5 13 point 21.4861127245365 39.7881041466225
4 13 point 21.5099390795771 39.7919207141411
3 13 point 21.3439102599904 39.712852971566
2 13 point 21.4532335164461 39.8691696535179
1 13 point 21.4656263723672 39.9005454095282
0 13 point 21.3597129308847 40.1323848178569
65 13 newpoint 21.433945 39.837836
66 13 newpoint 21.356932 39.791253
67 13 newpoint 21.428858 39.736198
68 13 newpoint 21.417507 39.831329
69 13 newpoint 21.624566 39.672898
69 14 point 21.6245820504756 39.6738590222261
68 14 point 21.4147475869751 39.837127124124
67 14 point 21.429962036769 39.743300458855
66 14 point 21.3511954884493 39.7889924566699
65 14 point 21.4298500132413 39.8319053889608
64 14 point 21.3487221216444 39.795227968642
63 14 point 21.3622243608475 39.9631451599528
62 14 point 21.4041002183294 39.8881464766238
61 14 point 21.6722370698721 39.7246206777309
60 14 point 21.3995124188113 39.8226792127135
59 14 point 21.4534178397013 39.6138493220607
58 14 point 21.4123990123372 39.7818287808763
57 14 point 21.4194278611034 39.8837420079153
56 14 point 21.4449505117654 39.860274404551
55 14 point 21.4211966402817 39.8850257299056
54 14 point 21.4309416964232 39.8524758423539
53 14 point 21.4254418769787 39.777412959822
52 14 point 21.3883167186461 39.8389345719384
51 14 point 21.241169215682 39.9435908683854
50 14 point 21.3548577684235 39.9563359619366
47 14 point 21.3903211107527 39.8600686240779
46 14 disappearpoint 21.440375 39.861534
45 14 point 21.4385516480811 39.8544619910264
43 14 point 21.4266716984404 39.8134264480736
42 14 point 21.4743812173121 39.9088200621487
41 14 point 21.4173446085211 39.8281346625248
40 14 point 21.450731494857 39.874833652074
39 14 point 21.4555678296184 39.7600237909504
38 14 point 21.5367919876517 39.9504036934956
37 14 point 21.5243762246418 39.9547847747631
36 14 point 21.4678405502903 39.9028262995257
35 14 point 21.3670868498159 39.7996337359469
31 14 point 21.4204512286186 39.897979080892
30 14 point 21.412796754574 39.895441407177
49 14 point 21.4232009718873 39.8328165781336
34 14 point 21.487947117517 39.9990461769058
48 14 point 21.5326000954328 39.78308857635
26 14 point 21.4946408856355 39.7931793024137
25 14 point 21.4711247231706 39.7975536207573
24 14 point 21.4378027484514 39.8471655815887
23 14 point 21.4539344747854 39.8716779457566
22 14 point 21.3453383112371 39.7943951582866
21 14 point 21.4460162417573 39.8089138466205
20 14 point 21.3842679887597 39.8073438691604
18 14 point 21.3526789201219 39.9830867787639
17 14 point 21.4320534741626 39.8508465700119
16 14 point 21.4144390299194 39.9092461425445
15 14 point 21.3939613602507 39.8697434194835
14 14 point 21.4334083354782 39.8214302757191
13 14 point 21.4854744086639 39.7945203083136
12 14 point 21.4539620169457 39.8710873197195
11 14 point 21.3602786595758 39.8802672190396
44 14 point 21.4561615986216 39.9132903216952
19 14 point 21.3854955288359 39.9093522495576
8 14 point 21.3997608404002 39.8647111708778
7 14 disappearpoint 21.398837 39.91385
32 14 point 21.4400529572878 39.7858349876876
5 14 point 21.4938306008951 39.7874729837789
4 14 point 21.5190097285196 39.7910536087485
3 14 point 21.3419445049266 39.7040704207217
2 14 point 21.4556308627635 39.8779228568823
1 14 point 21.4628989254434 39.897837361088
0 14 point 21.3574816080849 40.1235716479776
70 14 newpoint 21.358534 39.795452
71 14 newpoint 21.470334 39.919955
72 14 newpoint 21.394986 39.91451
73 14 newpoint 21.403202 39.792041
74 14 newpoint 21.439383 39.841487
74 15 point 21.435664533613 39.8477985383775
73 15 point 21.4030567975604 39.7927412133416
72 15 point 21.4026976760218 39.9118244854565
71 15 point 21.4775286400342 39.9206365049577
70 15 point 21.3574242819315 39.7965071169104
67 15 point 21.4336575680794 39.7513186555745
66 15 point 21.3494209458377 39.7953305782269
65 15 point 21.4315852297964 39.8246740706596
64 15 point 21.3427906272355 39.7895577099126
63 15 point 21.364729017775 39.9548644052253
62 15 point 21.4119101101096 39.8928397540151
61 15 point 21.6642422858167 39.7202489854587
60 15 point 21.392151475314 39.8256446374129
59 15 point 21.447972526176 39.6208209874303
58 15 point 21.4035257076803 39.7838631446508
57 15 point 21.4126017934274 39.8802127374336
56 15 point 21.4517176272638 39.8663342935555
55 15 point 21.4264842462038 39.8924448510303
54 15 point 21.4229010794427 39.8564899459331
53 15 point 21.431374709253 39.7726157993269
52 15 point 21.3901920803252 39.8477197666974
51 15 point 21.2496199967579 39.9412336025937
50 15 point 21.3615530957083 39.9625153631747
47 15 point 21.3924954158601 39.8550320739389
69 15 point 21.6245981009512 39.6748200444523
45 15 point 21.445225791283 39.8603093507596
43 15 point 21.4230041042092 39.8060637334694
42 15 point 21.4784202699667 39.9169517151334
41 15 point 21.4145462831773 39.8363144273748
40 15 disappearpoint 21.45262 39.87806
39 15 point 21.4599915586666 39.7672907546818
38 15 point 21.5280756566413 39.9530208382825
37 15 point 21.5328929138155 39.9515922346393
36 15 point 21.4624866211739 39.8973150591278
35 15 point 21.3603080333442 39.7936158246803
31 15 point 21.4284445126349 39.9021455420182
30 15 point 21.4169848413974 39.8875501556655
49 15 point 21.4220920088485 39.8416309811235
34 15 point 21.4917231391122 39.9997685408538
48 15 point 21.5251244947725 39.7882985332561
26 15 point 21.5037097399837 39.7922973104517
25 15 point 21.4799961584348 39.7955857780984
24 15 point 21.4385329887682 39.8549375789474
23 15 point 21.4496729712339 39.8640173170019
22 15 point 21.3444528188711 39.7926889377213
21 15 point 21.4550531690311 39.808009648902
20 15 point 21.3755890001608 39.8050017905453
18 15 point 21.34851864761 39.9911805053064
17 15 point 21.4319680672315 39.8598516264379
16 15 point 21.4233150296325 39.9072461180741
15 15 point 21.3862494013485 39.874290270058
14 15 point 21.4340353338409 39.8207186687127
13 15 point 21.4945063174108 39.7933496505932
12 15 point 21.4491735807446 39.863583757737
11 15 point 21.3615985939824 39.8892826887363
44 15 point 21.4539001703708 39.9044976014062
19 15 point 21.3915653640164 39.9029079527653
8 15 point 21.3931757342336 39.8707380551953
68 15 point 21.4146924205898 39.8311942912117
32 15 point 21.4400478416179 39.7946297534812
5 15 disappearpoint 21.498336 39.790098
4 15 disappearpoint 21.519309 39.791025
3 15 point 21.3412995459166 39.6950364942201
2 15 point 21.4596873077359 39.8859951915196
1 15 point 21.4610229868311 39.8945088770871
0 15 point 21.3544753911319 40.1149832116617
75 15 newpoint 21.411206 39.808252
76 15 newpoint 21.369047 39.988216
77 15 newpoint 21.457075 39.903036
78 15 newpoint 21.548592 39.793192
79 15 newpoint 21.487753 39.932595
79 16 point 21.4833490468784 39.9365716372869
78 16 point 21.5512565873727 39.7862908143295
77 16 point 21.4567206926991 39.8969008583066
76 16 point 21.3635226956619 39.9852062959343
75 16 point 21.4140527520086 39.8071344772487
71 16 point 21.4814676295182 39.9264172907563
70 16 point 21.3498167757135 39.7953888979891
67 16 point 21.4374335192894 39.7594605822542
66 16 point 21.343197428073 39.7901246741083
65 16 point 21.4350933725774 39.8168853484079
64 16 disappearpoint 21.334445 39.787585
63 16 point 21.3694561873978 39.9471767798861
62 16 point 21.4197030027968 39.8975617197333
61 16 point 21.6562502766627 39.7158721905489
60 16 point 21.3839512502808 39.8281423905683
59 16 point 21.4413645562007 39.6270795023079
58 16 point 21.3972590122362 39.7900559232739
57 16 point 21.4065339156731 39.8758771394826
56 16 point 21.4546068361388 39.8748802397728
55 16 point 21.4331826062246 39.8985552795596
54 16 point 21.4156803392005 39.8618227177508
53 16 point 21.4368616485977 39.7673299812342
52 16 point 21.3934826716963 39.8546679630967
51 16 point 21.2583987059838 39.9395572725537
50 16 point 21.3639334795415 39.9699267957638
47 16 point 21.3901582320189 39.8481681235842
69 16 point 21.6246141514268 39.6757810666784
45 16 point 21.4519614114544 39.8663989656795
43 16 point 21.4240884011265 39.7973703375883
42 16 point 21.4813393396305 39.9255474388493
41 16 disappearpoint 21.408952 39.842344
74 16 point 21.4294054252494 39.8539211497554
39 16 point 21.4662908776073 39.7735925582887
38 16 point 21.5197185520597 39.9566520973253
37 16 point 21.5417158454831 39.949315708685
36 16 point 21.4604984756104 39.8900482195322
35 16 point 21.3538585409169 39.7872497830222
31 16 point 21.4366690127441 39.9026649745207
30 16 point 21.4198957482768 39.8790787789633
49 16 point 21.4214294191285 39.8507091344733
34 16 point 21.4926936292154 40.0029201507221
48 16 point 21.5167138599189 39.7912730814739
26 16 point 21.5127792463779 39.7914187879841
25 16 point 21.4889581593964 39.7939500576845
24 16 point 21.445422641539 39.8606124119121
23 16 point 21.4424810415929 39.8584555315929
22 16 point 21.3435920898862 39.7909705209094
21 16 point 21.4633999521179 39.8058078620143
20 16 point 21.3680473650735 39.8008511220677
18 16 point 21.3428883644004 39.9970012825399
17 16 point 21.4272356440821 39.8675980732449
16 16 point 21.4320050836588 39.9045061641918
15 16 point 21.3776610613486 39.8773032922645
14 16 point 21.4344644127296 39.8199097430326
13 16 point 21.5035806007011 39.7925237983999
12 16 point 21.4419093337942 39.8581230940951
11 16 point 21.3617975286222 39.8982716943653
44 16 point 21.452815234831 39.8982895721237
19 16 point 21.3922409433364 39.8964469595786
8 16 point 21.3850416918992 39.8746759808371
68 16 point 21.4122188129197 39.8273450070205
32 16 point 21.4410168969658 39.8036649217473
73 16 point 21.4033410550036 39.7934060544999
72 16 point 21.4089711750981 39.9053976352782
3 16 point 21.3398242112642 39.6860774931303
2 16 point 21.4610372292872 39.8949694502196
1 16 point 21.4605192257546 39.8907133237177
0 16 point 21.3518110305542 40.1062707887227
80 16 newpoint 21.415214 39.680342
81 16 newpoint 21.439402 39.985189
82 16 newpoint 21.434657 39.820674
83 16 newpoint 21.437906 39.821303
84 16 newpoint 21.420735 39.78167
84 17 point 21.4201297189074 39.7824337028768
83 17 point 21.4308003036784 39.8162848409183
82 17 point 21.4290855752194 39.8178468591923
81 17 point 21.4432735851109 39.977328050475
80 17 point 21.414642923002 39.6821753322322
77 17 point 21.4612225920327 39.8928126984521
76 17 point 21.3684017502832 39.977516198921
75 17 point 21.4231552415169 39.8069059759348
71 17 point 21.4820295188122 39.9354009103149
70 17 point 21.3439770485412 39.7917721945031
67 17 point 21.4379102682658 39.7665608745278
66 17 point 21.3348629464878 39.7876275524318
65 17 point 21.431845892298 39.8084213278761
79 17 point 21.4818009360367 39.9276065048432
63 17 point 21.3725634208476 39.9390973414515
62 17 point 21.4277930900815 39.9015880476809
61 17 point 21.6482620646633 39.7114884720511
60 17 point 21.3767449825442 39.8336787900957
59 17 point 21.4361434862307 39.6344163633201
58 17 point 21.3956800707656 39.7989944886093
57 17 point 21.4085727943176 39.8700418610255
56 17 point 21.4586184575953 39.8829532994596
55 17 point 21.4415900372063 39.9010333383354
54 17 point 21.4090987161218 39.8681240079814
53 17 point 21.4407876641826 39.7634370306373
52 17 point 21.3868809569129 39.8609485606732
51 17 point 21.2666161379623 39.9356499360219
50 17 point 21.3644084320152 39.9735055707863
47 17 point 21.3884178338575 39.839419251995
69 17 point 21.6246302019024 39.6767420889046
45 17 point 21.4547801658634 39.8749804874281
43 17 point 21.4246138826219 39.7883216964305
42 17 point 21.4826626504759 39.9345621543725
78 17 point 21.553687994092 39.7789388024819
74 17 point 21.4209340104564 39.8572520172232
39 17 point 21.4720086569345 39.7800273905405
38 17 point 21.5113700254062 39.9603030796544
37 17 point 21.5505424324955 39.9470531749368
36 17 point 21.4586450306075 39.8826268965287
35 17 point 21.3495263418914 39.7792810994304
31 17 point 21.445376214449 39.8999793010401
30 17 point 21.424753969904 39.8714178682238
49 17 point 21.4147121695581 39.8565683332064
34 17 point 21.4928414555996 39.9991400781812
48 17 point 21.5076431920073 39.7921399872637
26 17 point 21.5217570167162 39.7901100219078
25 17 point 21.4980213443301 39.7930151003004
24 17 point 21.4520617019079 39.8668020583712
23 17 point 21.4387705623028 39.8511842746592
22 17 point 21.3425870083568 39.789361736065
21 17 point 21.4689150863071 39.7987651135582
20 17 point 21.3615856938296 39.7944945493031
18 17 disappearpoint 21.340399 39.995201
17 17 point 21.4218994180401 39.8749825891993
16 17 point 21.4407086843843 39.9018089739521
15 17 point 21.3709829991309 39.8834294001611
14 17 point 21.4342700885114 39.819010486167
13 17 point 21.5126516972026 39.791661402444
12 17 point 21.4389133870374 39.8505385459296
11 17 point 21.3599520306948 39.9071899393263
44 17 point 21.4441101566546 39.9009820004645
19 17 point 21.3968024374044 39.8886386722993
8 17 point 21.3765752060707 39.8779568698501
68 17 point 21.4103150670654 39.8203445293295
32 17 point 21.4429831539781 39.8115729943434
73 17 point 21.4040238786565 39.7940824960438
72 17 point 21.4125458218649 39.8976597893737
3 17 point 21.3373953721693 39.6772951665692
2 17 point 21.4668573146879 39.9018555544682
1 17 point 21.4600577914441 39.8869022738403
0 17 point 21.3490081977056 40.097600956172
85 17 newpoint 21.415766 39.822588
86 17 newpoint 21.437395 39.78053
87 17 newpoint 21.40081 39.815512
88 17 newpoint 21.40455 39.880332
89 17 newpoint 21.495228 39.796452
89 18 point 21.4901545179073 39.79395589695
88 18 point 21.4081565342874 39.8722143548047
87 18 point 21.3993739869422 39.8227032797522
86 18 point 21.439433314154 39.7884706181506
85 18 point 21.4236747058447 39.8200259297438
83 18 point 21.4249489323715 39.8106304189102
82 18 point 21.4212578540315 39.8222879223801
81 18 point 21.4452223401925 39.9696263218454
80 18 point 21.4144253436981 39.6840804111296
77 18 point 21.4591984292751 39.8840232523105
76 18 point 21.3654872916102 39.9725488554692
75 18 point 21.4289918611949 39.8106727196318
71 18 point 21.4741932777385 39.9399967117547
70 18 point 21.3380838881252 39.7880241987266
67 18 point 21.4311915933827 39.7725549782033
66 18 disappearpoint 21.334445 39.787585
65 18 point 21.4269882335779 39.8044008028639
79 18 point 21.4796144688732 39.9188039381419
63 18 point 21.3768510952047 39.9310675428587
62 18 point 21.4358507098467 39.9029209657855
61 18 point 21.6402299579821 39.7071905141461
60 18 point 21.3694007739414 39.8390724052622
59 18 point 21.432682761816 39.6428266521009
58 18 point 21.3950677704948 39.8080541800026
57 18 point 21.4132189443536 39.864567568878
56 18 point 21.4604054812725 39.8918179434653
55 18 point 21.4503001389596 39.8984585691226
54 18 point 21.4034547775847 39.875245151573
53 18 point 21.4483577433689 39.7626418858737
52 18 point 21.3827802429342 39.8687675292435
51 18 point 21.2747000664046 39.9392132797137
50 18 point 21.3599240742712 39.9814322920553
47 18 point 21.3839603562836 39.8319501432953
69 18 point 21.6246446750235 39.6777030550458
45 18 point 21.4588177610035 39.8830481967601
43 18 point 21.4208584537426 39.7802065987208
42 18 point 21.4863930387335 39.9426758275654
78 18 point 21.5481896889142 39.7773800614464
74 18 point 21.4140627152602 39.8631631263132
39 18 point 21.478334508972 39.7835807473916
38 18 point 21.5044712628515 39.9615768078506
37 18 point 21.5593501096528 39.9447210157953
36 18 point 21.4549792344965 39.8759271996718
35 18 point 21.3468722475174 39.7708298172669
31 18 point 21.4540828942236 39.8972920170092
30 18 point 21.4300299907889 39.864007133849
49 18 point 21.4069314998836 39.8613073681847
34 18 point 21.4929844758857 39.9952981207165
48 18 point 21.4985689493514 39.7929678182707
26 18 point 21.5293434765067 39.7850865315811
25 18 point 21.5070959861303 39.7921916842457
24 18 point 21.4547262571437 39.8754485089935
23 18 point 21.4404897773878 39.8422425950697
22 18 point 21.3410195295344 39.7883626525446
21 18 point 21.4775050165112 39.7960920134142
20 18 point 21.3548366733448 39.7884530028234
84 18 point 21.4245957802297 39.788957866213
17 18 point 21.4187070987508 39.8834356744231
16 18 point 21.4494216481686 39.8991422796922
15 18 point 21.3648391689139 39.8901538519795
14 18 point 21.4338988730562 39.8183191512232
13 18 point 21.5216446709947 39.790402558716
12 18 point 21.4403624438342 39.841760952204
11 18 point 21.3579956415796 39.9160892342268
44 18 point 21.4354021342712 39.903663298326
19 18 point 21.4005776262126 39.8803455394131
8 18 point 21.3701192665176 39.8843574631494
68 18 point 21.4036244251702 39.8167152222905
32 18 disappearpoint 21.443941 39.8172
73 18 point 21.4047193702537 39.7947458824705
72 18 point 21.4155054627198 39.8892297954007
3 18 point 21.3349488549626 39.6685177480665
2 18 point 21.4736797122541 39.9078715024826
1 18 point 21.4588949070186 39.8832436062326
0 18 point 21.346205944027 40.0889305608032
90 18 newpoint 21.425039 39.811621
91 18 newpoint 21.687862 39.974116
92 18 newpoint 21.430795 39.856806
93 18 newpoint 21.642002 39.705912
94 18 newpoint 21.354417 39.909765
94 19 point 21.3586518244118 39.9148444159535
93 19 point 21.6333073579367 39.7047392178716
92 19 point 21.4355391546424 39.8497662753689
91 19 point 21.6796620617854 39.9777020523817
90 19 point 21.4273463270877 39.8145784680009
87 19 point 21.3914327112415 39.8254802791794
86 19 point 21.4431856533907 39.794718995338
85 19 point 21.429328825035 39.8148600201758
83 19 point 21.4224666534509 39.802464468128
82 19 point 21.4124847621579 39.8216239212587
81 19 point 21.4490071153624 39.9632245183836
80 19 point 21.4145828712773 39.6859935822968
77 19 point 21.4549955569076 39.876004824289
76 19 point 21.3684811471624 39.9639443519851
75 19 point 21.4374309203554 39.8105723685934
71 19 point 21.4662150259202 39.9443985343231
70 19 disappearpoint 21.334445 39.787585
67 19 disappearpoint 21.424827 39.77487
89 19 point 21.481184589933 39.7955359572939
65 19 disappearpoint 21.427111 39.802727
79 19 point 21.4754266827925 39.9107923334106
63 19 point 21.3830075762763 39.9247418682076
62 19 point 21.4408649720847 39.9028103262221
61 19 point 21.6315413053447 39.7047263713101
60 19 point 21.3620388005206 39.8444414748605
59 19 point 21.4289497684144 39.6511217100357
58 19 point 21.3908221294066 39.813743037119
57 19 point 21.4186709055799 39.8592789712546
56 19 point 21.4645011561037 39.899651442357
55 19 point 21.4577814132684 39.8963388716976
54 19 point 21.3991068346719 39.883211027813
53 19 point 21.4555285493827 39.7598662586158
52 19 point 21.3808657501379 39.875834874139
51 19 point 21.2824980535926 39.9437145934248
50 19 point 21.3576098660716 39.9899321537727
47 19 point 21.3860202728032 39.8231029937984
69 19 point 21.624547672622 39.6786580649277
45 19 point 21.4605569236967 39.8919253945078
43 19 point 21.4158063089372 39.7726278590265
42 19 point 21.4905023408777 39.950728906583
78 19 point 21.5393759557617 39.7796624443823
74 19 point 21.4075211176764 39.8695056823964
39 19 point 21.4819640283069 39.7884739368276
38 19 point 21.4979774305845 39.9578987510639
37 19 point 21.5658647344152 39.9402893329633
36 19 point 21.453111875795 39.8684860662337
35 19 point 21.3443014166841 39.7621081384533
31 19 point 21.461566331123 39.8951806574846
30 19 point 21.4328042992716 39.8554789583501
49 19 point 21.3987188487855 39.8652273833964
34 19 point 21.4931185674398 39.9914558348707
48 19 point 21.4895024932846 39.7938738509402
26 19 point 21.5369834791685 39.7801474421591
25 19 point 21.5161667117704 39.7913253859025
24 19 point 21.4588324733096 39.8834931001107
23 19 point 21.440187495966 39.834268329389
22 19 point 21.3391092468484 39.7881479308473
21 19 point 21.4864465363154 39.7943385133917
20 19 point 21.3504412707309 39.780533107316
84 19 point 21.4316072864046 39.7900862548185
17 19 point 21.4147738439849 39.8913504129337
16 19 point 21.4547240108447 39.9011099783105
15 19 point 21.3621037697516 39.8987644525234
14 19 point 21.4348331654339 39.8183010484639
13 19 point 21.5292485173748 39.7854164259221
12 19 point 21.4386543433032 39.8331426566968
11 19 point 21.3554804536101 39.9247769266563
44 19 point 21.4282897259951 39.9024819253507
19 19 point 21.4055049304131 39.8727162073488
8 19 point 21.3641586225713 39.8912228806816
68 19 point 21.3980282083661 39.8115704738592
88 19 point 21.4121417236046 39.8656267040739
73 19 point 21.4054160814425 39.7954080115035
72 19 point 21.4193312117326 39.8812512172887
3 19 point 21.3329753181724 39.6596484184832
2 19 point 21.4780141683154 39.9158440345678
1 19 point 21.4571643050352 39.879830891016
0 19 point 21.3433974849988 40.0802621641047
95 19 newpoint 21.504767 39.962782
96 19 newpoint 21.571668 39.774613
97 19 newpoint 21.645308 39.704345
98 19 newpoint 21.449567 39.868549
99 19 newpoint 21.404861 39.780604
99 20 point 21.4106005906217 39.7817869668508
98 20 point 21.4442121754009 39.8614880957238
97 20 point 21.6422814313714 39.7058255625608
96 20 point 21.5648991075436 39.7731178677483
95 20 point 21.5013168302407 39.9580960968043
91 20 point 21.6711831529481 39.9806280628196
90 20 point 21.4305850110028 39.8161781180248
87 20 point 21.3835352698607 39.8285686687308
86 20 point 21.4468970214806 39.8016629960594
85 20 point 21.4361280751905 39.8108231977052
83 20 point 21.4206894983299 39.7945815414813
82 20 point 21.4045588008368 39.8173284633695
81 20 point 21.4493962785138 39.9570688792974
80 20 point 21.4150919104419 39.6878442935
77 20 point 21.4525158259019 39.8672846980481
76 20 point 21.3708584870464 39.9552089308764
75 20 point 21.4439539106308 39.8126160870761
71 20 point 21.458236774102 39.9488003568916
94 20 point 21.3563950808213 39.9236524663994
93 20 point 21.630386394337 39.6988907796197
89 20 point 21.4722454412235 39.7973015968451
92 20 point 21.4403011080176 39.8423291312518
79 20 point 21.4691427909034 39.904193754266
63 20 point 21.3898091672672 39.9188148805881
62 20 point 21.4469078685947 39.9001257914651
61 20 point 21.6251037440486 39.7099592759035
60 20 point 21.3557935179126 39.8506084662808
59 20 point 21.4254394876912 39.6595205885776
58 20 point 21.3859703448513 39.8210281752521
57 20 point 21.421314363827 39.85308019535
56 20 point 21.4713858566625 39.9056120959754
55 20 point 21.4614930328236 39.8956705969897
54 20 point 21.3910344013462 39.882907607218
53 20 point 21.4588345687807 39.7659528476972
52 20 point 21.3732880878789 39.8806244655902
51 20 point 21.2862744371572 39.9518682310921
50 20 point 21.3524730578605 39.9959017704256
47 20 point 21.3892935378826 39.8149842753931
69 20 point 21.624263621927 39.6795761663551
45 20 point 21.4647641646845 39.8996975850492
43 20 point 21.4140036357728 39.7637921849622
42 20 point 21.4967072745027 39.9572128502519
78 20 point 21.5314612739335 39.7838795485709
74 20 point 21.4011723463165 39.8724271189972
39 20 point 21.4890101691377 39.7886608550796
38 20 point 21.4913789815395 39.9518757532443
37 20 point 21.5685609527972 39.9325517609701
36 20 point 21.4481761529778 39.8627178140345
35 20 point 21.3439383311514 39.7530568078613
31 20 point 21.4638608901732 39.8988093788115
30 20 point 21.437340735686 39.8480817648993
49 20 point 21.3922036079037 39.8713693449109
34 20 point 21.4925624092464 39.9876734509943
48 20 point 21.4805348423886 39.7954765738828
26 20 point 21.5457475154064 39.7777331608274
25 20 point 21.5246742421022 39.7886137782127
24 20 point 21.460449559638 39.8923965963805
23 20 point 21.4328754638641 39.8290306766091
22 20 point 21.3372021852166 39.7879069527915
21 20 point 21.4954900461947 39.7932478702205
20 20 point 21.3470493334134 39.7723701925347
84 20 disappearpoint 21.434999 39.790072
17 20 point 21.4127210490761 39.8998113866678
16 20 point 21.4550109384704 39.9098861741154
15 20 point 21.3601910114587 39.9076734311244
14 20 point 21.4357929489196 39.8182819416028
13 20 point 21.5368609138697 39.7804288307265
12 20 point 21.4360078499357 39.8270259907293
11 20 point 21.3493085653989 39.9314372969708
44 20 point 21.4206246774754 39.8980668511331
19 20 point 21.4115778161855 39.8659630929638
8 20 point 21.3618376362336 39.9000040120774
68 20 point 21.395931428551 39.8051890003581
88 20 point 21.4186059667686 39.8593382643761
73 20 point 21.4061127926312 39.7960701405366
72 20 point 21.4233328636204 39.8731635767184
3 20 point 21.3342373918303 39.6506671304338
2 20 point 21.4811478026106 39.9243833132733
1 20 point 21.4551778434218 39.8765614397168
0 20 point 21.340612822056 40.0715860937791
